%YAML:1.0
---
cameraMatrix: !!opencv-matrix
   rows: 3
   cols: 3
   dt: d
   data: [ 7.1988380289383326e+02, 0., 1.9797834026176776e+02, 0.,
       7.0866728847983109e+02, 1.1393250114116486e+02, 0., 0., 1. ]
distCoeffs: !!opencv-matrix
   rows: 1
   cols: 5
   dt: d
   data: [ -6.2490818898335332e-01, 3.2697017344329571e-01,
       6.6420856445652876e-02, 8.6445680852965910e-03,
       1.0561158777240480e+00 ]
R: !!opencv-matrix
   rows: 1
   cols: 1
   dt: "3d"
   data: [ -5.3530481208696989e-01, 9.1242060026107727e-02,
       -2.2240910345381705e-02 ]
T: !!opencv-matrix
   rows: 1
   cols: 1
   dt: "3d"
   data: [ -2.7199396625256300e+00, -1.5517024843294558e+00,
       1.7851078823156666e+01 ]
