%YAML:1.0
---
homographyMatrix: !!opencv-matrix
   rows: 3
   cols: 3
   dt: d
   data: [ -5.0337437920661594e-03, -6.4701250718228172e-04,
       1.3387028193609102e-01, -4.2650863806074731e-05,
       -2.3509589723366754e-03, 3.8446628157042134e-01,
       -8.2340542126908508e-04, 3.8835477910828284e-03, 1. ]
