%YAML:1.0
---
rvec: !!opencv-matrix
   rows: 3
   cols: 1
   dt: d
   data: [ -8.2849914047657702e-01, 6.1081569845695977e-03,
       1.2381792638908580e-02 ]
tvec: !!opencv-matrix
   rows: 3
   cols: 1
   dt: d
   data: [ -8.4020870690175926e+01, -1.4715942948033765e+02,
       3.7667579352835048e+02 ]
homographyMatrix: !!opencv-matrix
   rows: 3
   cols: 3
   dt: d
   data: [ 7.9360581245251216e-01, -2.3045523864914444e-01,
       5.1254474477426953e+01, 3.5930176394957691e-04,
       2.3437198556343450e-01, 4.1180254471875109e+01,
       -4.2829335224951889e-05, -1.8566912428927480e-03, 1. ]
homographyMatrixInv: !!opencv-matrix
   rows: 3
   cols: 3
   dt: d
   data: [ 1.2551381121391181e+00, 5.4630819308043610e-01,
       -8.6828554745402926e+01, -8.5727909018222439e-03,
       3.2134509209972038e+00, -1.3189133276706852e+02,
       3.7839705163855566e-05, 5.9897842012187237e-03,
       7.5139970815964174e-01 ]
distanceToPlaneNormal: 1.4612595149430101e+02
