%YAML:1.0
---
rvec: !!opencv-matrix
   rows: 3
   cols: 1
   dt: d
   data: [ -1.2241127982221252e+00, 5.4487756871056656e-02,
       1.3371016160413744e-02 ]
tvec: !!opencv-matrix
   rows: 3
   cols: 1
   dt: d
   data: [ -4.6900529899938640e+01, 1.3046682732473172e+01,
       3.9861632094478483e+02 ]
homographyMatrix: !!opencv-matrix
   rows: 3
   cols: 3
   dt: d
   data: [ 6.6438749391264573e-01, -3.7870973981241518e-01,
       1.2090627289883003e+02, -3.0493387141640460e-02,
       -4.4740163958594016e-02, 1.2981252454187538e+02,
       -1.4082512028013922e-04, -2.3004038835783181e-03, 1. ]
homographyMatrixInv: !!opencv-matrix
   rows: 3
   cols: 3
   dt: d
   data: [ 1.4780303974319713e+00, 5.8553043705903518e-01,
       -2.5471233081541718e+02, 7.1098171089131065e-02,
       3.9670180896279974e+00, -5.2356484799420821e+02,
       3.7169831738481218e-04, 9.2082012138322063e-03,
       -2.4028050425488415e-01 ]
distanceToPlaneNormal: 1.4563490312838053e+02
pix_to_mm: 6.8079834658716831e-01
