%YAML:1.0
---
rvec: !!opencv-matrix
   rows: 3
   cols: 1
   dt: d
   data: [ -7.9758736930382568e-01, -7.5563510675966290e-03,
       -4.9207644759886385e-03 ]
tvec: !!opencv-matrix
   rows: 3
   cols: 1
   dt: d
   data: [ -6.0263350711961643e+01, -1.3866840805741867e+02,
       3.7163721757301164e+02 ]
homographyMatrix: !!opencv-matrix
   rows: 3
   cols: 3
   dt: d
   data: [ 8.2232030519231758e-01, -2.1456871475655773e-01,
       6.7096225462887375e+01, 4.8813382898719474e-03,
       2.4711809362785106e-01, 5.2296971416647430e+01,
       3.1824167287649281e-05, -1.8995186194184824e-03, 1. ]
homographyMatrixInv: !!opencv-matrix
   rows: 3
   cols: 3
   dt: d
   data: [ 1.2180357571167069e+00, 3.0628047422825760e-01,
       -9.7743142987553682e+01, -1.1310080589702389e-02,
       2.8835157371790610e+00, -1.5004027636945631e+02,
       -6.0246682364083883e-05, 5.4675447111090575e-03,
       7.1810629550717919e-01 ]
distanceToPlaneNormal: 1.6060948304722001e+02
pix_to_mm: 8.4914646712349851e-01
